8201 0001 0000 0000 0000 0001 0000 0000 0000 0000 0000 0000 0000 0000 0011 0001 0000 0010
0000 0011 0001 0000 0000 0000 0000 0000 0000 0000 0000 0000 0000 0000 0000 0000 0000 0000
8020 0100 0000 0000 0001 0001 0010 0000 0000 0000 0000 0000 0000 0000 0000 0001 0000 0001
8021 0001 0000 0000 0000 0001 0000 0000 0000 0000 0000 0000 0000 0000 0011 0001 0000 0010
8022 0001 0010 0000 0000 0001 0000 0000 0000 0000 0000 0000 0001 0000 0011 0001 0000 0010
8023 0001 0000 0000 0000 0001 0000 0000 0000 0000 0000 0000 0000 0000 0011 0001 0000 0010
8024 0001 0000 0001 0000 0000 0000 0000 0010 0000 0000 0000 0000 0000 0000 0000 0001 0010
8025 0001 0000 0000 0000 0001 0001 0000 0010 0000 0000 0000 0000 0000 0000 0001 0000 0010
8027 0000 0000 0000 0000 0000 0000 0000 0000 0000 0000 0000 0000 0000 0000 0000 0000 0010
0001 0011 0001 0000 0000 0000 0000 0000 0000 0000 0000 0000 0000 0000 0000 0000 0000 0000
0002 0001 0000 0000 0000 0001 0000 0000 0000 0000 0000 0000 0000 0000 0011 0001 0000 0010
0003 0001 0010 0000 0000 0001 0000 0000 0000 0000 0000 0000 0001 0000 0011 0001 0000 0010
